-323.1
492.3
-101.7
-394.0
-337.2
47.1
479.4
416.6
300.8
67.2
356.1
191.3
-496.4
484.3
-333.9
-95.3
-199.8
-129.4
-126.9
-191.9
-131.7
-64.1
-146.6
472.7
11.5
-239.0
246.1
-341.6
183.1
252.7
-493.7
360.0
245.0
-95.4
466.0
407.9
451.7
445.4
324.5
252.4
12.6
180.6
-56.2
16.2
164.9
109.9
420.9
465.1
480.5
-206.0
-226.8
-151.2
229.9
126.6
-178.5
-258.6
387.6
-432.5
-100.1
70.7
320.3
-93.9
-69.3
65.3
310.7
-103.3
-26.8
262.4
-157.9
-202.3
14.8
354.6
478.3
458.6
-129.2
143.2
68.5
-208.3
108.3
49.0
85.7
381.5
397.8
-184.4
8.1
-280.7
57.0
-104.3
-213.2
456.9
466.5
-392.9
-137.0
-102.8
172.4
-326.3
293.8
-354.4
436.1
-364.1
